./data/slice/\0-access1.dat
0.939296
0.385223
0.172331
0.0908666
0.0533262
0.04331
0.028838
0.019205
0.0146394
0.0125517
./data/slice/\0-access2.dat
0.936457
0.384893
0.172539
0.0907581
0.0532916
0.0428927
0.0281501
0.0197722
0.0142885
0.0131109
./data/slice/\0-access3.dat
0.936454
0.385742
0.171244
0.0910249
0.0551261
0.0427859
0.0288578
0.0198538
0.0138778
0.0123851
./data/slice/\0-access4.dat
0.936815
0.384985
0.170155
0.0915694
0.0534277
0.0418988
0.0282517
0.0193497
0.0141138
0.0126683
./data/slice/\0-access5.dat
0.93969
0.383198
0.173685
0.0897309
0.0529638
0.0422663
0.0288067
0.0194
0.0147611
0.0128812
./data/slice/\0-access6.dat
0.936638
0.383656
0.169361
0.0894638
0.0556116
0.0425276
0.0278847
0.0199287
0.014102
0.0110947
./data/slice/\0-access7.dat
0.934781
0.383815
0.17017
0.0911645
0.0550253
0.0432801
0.0279567
0.0195468
0.0141584
0.0125744
./data/slice/\0-access8.dat
0.939078
0.381394
0.169856
0.0894752
0.0541731
0.0432342
0.0261825
0.0194781
0.0143995
0.0122489
./data/slice/\0-core1.dat
0.727012
0.28305
0.121644
0.0642751
0.0364685
0.0290246
0.0185172
0.0132122
0.00911528
0.0080805
./data/slice/\0-core2.dat
0.725703
0.283407
0.121708
0.0657646
0.0369477
0.0300696
0.0195726
0.0137797
0.0097973
0.00751196
./data/slice/\0-core3.dat
0.728969
0.28559
0.124543
0.0639422
0.0375074
0.0276517
0.0189304
0.0129403
0.00955581
0.00848078
./data/slice/\0-core4.dat
0.723352
0.286285
0.120867
0.0636319
0.0371316
0.0280301
0.0187749
0.013002
0.00981827
0.00829612
./data/slice/\0-merge1.dat
0.827119
0.335533
0.144865
0.0770192
0.0448954
0.0363107
0.0239271
0.0161723
0.0119981
0.00993931
./data/slice/\0-merge2.dat
0.832344
0.3346
0.146094
0.075968
0.0449004
0.0353783
0.0230351
0.0158167
0.0119749
0.0103389
./data/slice/\0-merge3.dat
0.829257
0.332061
0.142408
0.0782713
0.0462669
0.0350623
0.0238931
0.0161573
0.0124031
0.0106717
./data/slice/\0-merge4.dat
0.825351
0.331465
0.147568
0.0770104
0.044672
0.0359876
0.0246023
0.0167556
0.0115298
0.0101636
./data/slice/\0-merge5.dat
0.83164
0.332824
0.148705
0.0756224
0.0452301
0.0357684
0.0241118
0.0159103
0.0123437
0.009377
./data/slice/\0-merge6.dat
0.832425
0.33197
0.144363
0.0759832
0.0440154
0.0360522
0.0227124
0.0159158
0.0117562
0.00991168
./data/slice/\0-merge7.dat
0.830235
0.334293
0.145353
0.0757878
0.0442182
0.0350894
0.0232208
0.0163971
0.0115878
0.00975145
./data/slice/\0-merge8.dat
0.830359
0.332352
0.144462
0.0771442
0.0444017
0.0352253
0.0230937
0.0164904
0.0118115
0.00973582
./data/slice/\1-access1.dat
0.740764
0.291355
0.126095
0.0644065
0.03833
0.0299115
0.019597
0.0129659
0.00974225
0.00827144
./data/slice/\1-access2.dat
0.74103
0.2909
0.122929
0.0649036
0.0370812
0.0298825
0.0194354
0.014083
0.0092096
0.00850332
./data/slice/\1-access3.dat
0.739857
0.292042
0.124657
0.0643139
0.0389412
0.0288314
0.0196859
0.0136037
0.00937631
0.00818498
./data/slice/\1-access4.dat
0.738236
0.292531
0.124665
0.0667937
0.0384633
0.0288497
0.0194853
0.0138997
0.00938052
0.00855783
./data/slice/\1-access5.dat
0.73748
0.291677
0.126247
0.0636553
0.0367459
0.0285196
0.0194859
0.0134895
0.00985819
0.00822774
./data/slice/\1-access6.dat
0.740831
0.291489
0.123296
0.0643697
0.0387981
0.0299993
0.018697
0.0133715
0.00958174
0.00773309
./data/slice/\1-access7.dat
0.741642
0.291206
0.122411
0.0663926
0.0384562
0.0300849
0.0187327
0.0129095
0.00990742
0.0082107
./data/slice/\1-access8.dat
0.737529
0.288704
0.124109
0.0635778
0.0381453
0.0296705
0.0179218
0.0129168
0.00959104
0.00850753
./data/slice/\1-core1.dat
0.565831
0.213878
0.0874669
0.0459955
0.02499
0.0197544
0.0130051
0.00873467
0.00613297
0.00546645
./data/slice/\1-core2.dat
0.563898
0.211983
0.0869252
0.0453617
0.0252785
0.0208541
0.0134283
0.00922585
0.00664856
0.00515946
./data/slice/\1-core3.dat
0.565594
0.21184
0.0885335
0.0442133
0.0259838
0.0188919
0.0133985
0.00920122
0.00680506
0.00590508
./data/slice/\1-core4.dat
0.566645
0.216683
0.0860863
0.0454067
0.0258689
0.0194759
0.0130559
0.00882799
0.00658253
0.0053959
./data/slice/\1-merge1.dat
0.651552
0.251547
0.104713
0.0543581
0.0317066
0.0248651
0.0157319
0.0114091
0.00756685
0.00651543
./data/slice/\1-merge2.dat
0.65632
0.25078
0.10405
0.0543431
0.0316027
0.0238855
0.0160169
0.0108104
0.00817734
0.00707399
./data/slice/\1-merge3.dat
0.649363
0.251662
0.104654
0.0554482
0.0318741
0.0243011
0.0165199
0.0109047
0.007989
0.00757482
./data/slice/\1-merge4.dat
0.650277
0.250729
0.105743
0.0548505
0.0310561
0.0245172
0.0164743
0.0119967
0.00757897
0.00658378
./data/slice/\1-merge5.dat
0.656217
0.250308
0.108303
0.0542089
0.0313994
0.02404
0.0167179
0.0111645
0.00826282
0.00634336
./data/slice/\1-merge6.dat
0.650917
0.249922
0.105327
0.0537086
0.0303423
0.0250587
0.0154209
0.010932
0.00803443
0.007225
./data/slice/\1-merge7.dat
0.648396
0.252054
0.104583
0.053811
0.0310679
0.0243197
0.0152621
0.0106338
0.00775195
0.00680226
./data/slice/\1-merge8.dat
0.651944
0.249341
0.105331
0.05404
0.0299289
0.0238956
0.0155903
0.0111711
0.00804016
0.00645066
./data/slice/\2-access1.dat
1.04958
0.441255
0.2013
0.107537
0.0639432
0.0515605
0.0350027
0.0236151
0.0176841
0.015016
./data/slice/\2-access2.dat
1.05251
0.439941
0.201034
0.107704
0.0633255
0.0521203
0.033432
0.0241858
0.0173766
0.0156196
./data/slice/\2-access3.dat
1.05432
0.440052
0.200669
0.107022
0.0664906
0.0507325
0.0349199
0.0235028
0.0168105
0.0152217
./data/slice/\2-access4.dat
1.05622
0.440832
0.199837
0.108487
0.064455
0.0508968
0.034463
0.023614
0.0170327
0.0156146
./data/slice/\2-access5.dat
1.05115
0.443172
0.203383
0.10763
0.063914
0.0515972
0.0343485
0.0240359
0.0181243
0.0154981
./data/slice/\2-access6.dat
1.05223
0.43924
0.197934
0.105836
0.065819
0.0517497
0.0333903
0.024284
0.0172396
0.0138552
./data/slice/\2-access7.dat
1.04927
0.441916
0.200124
0.108513
0.0653603
0.051344
0.0337059
0.0238938
0.0175422
0.015392
./data/slice/\2-access8.dat
1.0526
0.437151
0.198212
0.107738
0.0645758
0.0521604
0.0324101
0.0244603
0.0169919
0.0148327
./data/slice/\2-core1.dat
0.82252
0.330033
0.143341
0.0769485
0.0448863
0.0346915
0.0237001
0.015975
0.0109655
0.00991557
./data/slice/\2-core2.dat
0.816222
0.330381
0.143113
0.0775697
0.0447248
0.0362863
0.0233633
0.0160916
0.012064
0.00949329
./data/slice/\2-core3.dat
0.821108
0.330167
0.146011
0.0766469
0.0459036
0.034016
0.02299
0.0158993
0.0116147
0.0102389
./data/slice/\2-core4.dat
0.816449
0.330622
0.142434
0.0763969
0.0444246
0.035046
0.0222928
0.0158903
0.0118128
0.0100594
./data/slice/\2-merge1.dat
0.931406
0.386092
0.169505
0.0897768
0.0539888
0.043964
0.0287818
0.0195458
0.0141204
0.0122162
./data/slice/\2-merge2.dat
0.937282
0.386783
0.170806
0.089215
0.0544985
0.0426885
0.0276667
0.019297
0.0148237
0.012597
./data/slice/\2-merge3.dat
0.931125
0.382217
0.169113
0.0924558
0.0551049
0.042346
0.0288435
0.0197236
0.0150736
0.012619
./data/slice/\2-merge4.dat
0.929997
0.382641
0.172041
0.0910655
0.0548786
0.043554
0.0292185
0.0202146
0.0138779
0.0123639
./data/slice/\2-merge5.dat
0.935912
0.381672
0.174178
0.0896832
0.0541668
0.0427918
0.0290614
0.0195735
0.0146192
0.0120405
./data/slice/\2-merge6.dat
0.930318
0.382761
0.169738
0.0914921
0.0541915
0.0432109
0.027803
0.0190987
0.0141853
0.0122235
./data/slice/\2-merge7.dat
0.930828
0.384693
0.169254
0.0910082
0.0532297
0.0429752
0.0286828
0.0201433
0.0141752
0.0121143
./data/slice/\2-merge8.dat
0.932771
0.384594
0.169371
0.0912687
0.0530681
0.0421698
0.028596
0.0199625
0.0141357
0.0116821
./data/slice/\3-access1.dat
1.05561
0.440834
0.200642
0.108402
0.0643072
0.0516331
0.0345878
0.0239657
0.0175687
0.0150215
./data/slice/\3-access2.dat
1.05678
0.44385
0.201419
0.108285
0.0643358
0.0520502
0.0330224
0.0241148
0.0173536
0.0156483
./data/slice/\3-access3.dat
1.05616
0.44358
0.200077
0.108226
0.0662988
0.0512615
0.0351652
0.0237127
0.017016
0.0150494
./data/slice/\3-access4.dat
1.05526
0.444321
0.200088
0.109401
0.064637
0.0512355
0.0344016
0.0236538
0.0170362
0.0154918
./data/slice/\3-access5.dat
1.05421
0.440865
0.202711
0.107609
0.0646436
0.0509976
0.0346991
0.0239525
0.0179046
0.015578
./data/slice/\3-access6.dat
1.05811
0.440672
0.19811
0.106801
0.0653455
0.0515123
0.033383
0.0239115
0.0172154
0.0139623
./data/slice/\3-access7.dat
1.05277
0.443352
0.200507
0.107825
0.0650943
0.0513571
0.0338785
0.0238314
0.017747
0.0153813
./data/slice/\3-access8.dat
1.05604
0.439866
0.198496
0.107225
0.0644695
0.0516224
0.0325718
0.0242555
0.0170862
0.0147927
./data/slice/\3-core1.dat
0.822908
0.329058
0.14452
0.0764961
0.0449373
0.03493
0.0234124
0.0159044
0.0109241
0.00984753
./data/slice/\3-core2.dat
0.818885
0.331897
0.14272
0.0784927
0.0451324
0.0362792
0.0232981
0.0162347
0.012042
0.00906912
./data/slice/\3-core3.dat
0.824564
0.331404
0.146463
0.0767526
0.0456833
0.0337202
0.0230917
0.0160535
0.0117419
0.00996111
./data/slice/\3-core4.dat
0.820356
0.331661
0.141903
0.0761689
0.0446625
0.0348075
0.0226514
0.0156938
0.0116019
0.010097
./data/slice/\3-merge1.dat
0.932518
0.387812
0.170102
0.0908316
0.0542371
0.0440141
0.0287503
0.0193177
0.01418
0.0122397
./data/slice/\3-merge2.dat
0.940607
0.386931
0.172674
0.0902656
0.0545868
0.0428682
0.0273005
0.0198556
0.0144005
0.0127155
./data/slice/\3-merge3.dat
0.934885
0.382732
0.16917
0.0941413
0.0551224
0.0425313
0.0290203
0.0197188
0.0149057
0.0126145
./data/slice/\3-merge4.dat
0.934432
0.384427
0.17285
0.091694
0.0539064
0.043541
0.0290914
0.0205701
0.0139992
0.0121454
./data/slice/\3-merge5.dat
0.938352
0.383191
0.174223
0.09109
0.0545418
0.0433776
0.0289868
0.0196352
0.0148652
0.0117195
./data/slice/\3-merge6.dat
0.938053
0.382637
0.170158
0.0916922
0.0539832
0.0435937
0.027534
0.0194967
0.0143057
0.0126111
./data/slice/\3-merge7.dat
0.933576
0.387732
0.169974
0.0912778
0.0533662
0.0428172
0.028591
0.0200248
0.0141733
0.0119365
./data/slice/\3-merge8.dat
0.93415
0.384307
0.169345
0.0914153
0.0526684
0.0424862
0.028837
0.0196675
0.0143398
0.0117095
./data/slice/\4-access1.dat
0.733043
0.287662
0.123058
0.0635937
0.0374114
0.0287399
0.0188935
0.0128866
0.00939848
0.008284
./data/slice/\4-access2.dat
0.735908
0.287018
0.122498
0.0637531
0.0369163
0.029038
0.0191353
0.0137398
0.00913102
0.00858896
./data/slice/\4-access3.dat
0.733279
0.287675
0.121495
0.0630313
0.0379961
0.0285382
0.0195347
0.0133028
0.00936615
0.00792662
./data/slice/\4-access4.dat
0.731603
0.288019
0.121842
0.0644862
0.0377648
0.0284113
0.0192811
0.0135667
0.00913089
0.00819129
./data/slice/\4-access5.dat
0.734306
0.289514
0.123717
0.0626941
0.0359322
0.0279347
0.0191898
0.0130777
0.00977822
0.00802143
./data/slice/\4-access6.dat
0.737448
0.286718
0.120928
0.0625873
0.0375284
0.0287342
0.0183105
0.0127948
0.00949624
0.00764103
./data/slice/\4-access7.dat
0.735748
0.288277
0.122232
0.064604
0.0375764
0.0291321
0.0188161
0.0129222
0.00951187
0.00797045
./data/slice/\4-access8.dat
0.733161
0.281951
0.120521
0.0623525
0.0376851
0.0293553
0.0175469
0.0124222
0.00948404
0.00833027
./data/slice/\4-core1.dat
0.561409
0.208634
0.0866686
0.0443253
0.0247158
0.0197247
0.0125684
0.00875404
0.0059526
0.00525297
./data/slice/\4-core2.dat
0.560538
0.209416
0.0850702
0.0443812
0.0252113
0.0200533
0.0129683
0.00897802
0.00639593
0.00509373
./data/slice/\4-core3.dat
0.559485
0.208397
0.0868484
0.0431856
0.0248703
0.0187201
0.0125824
0.00882621
0.00674267
0.00573926
./data/slice/\4-core4.dat
0.560743
0.211637
0.0846193
0.0440057
0.024906
0.0187081
0.012951
0.00828521
0.00658967
0.00529358
./data/slice/\4-merge1.dat
0.647501
0.249131
0.103898
0.0532206
0.0316756
0.0239579
0.0154608
0.010708
0.00719017
0.00653127
./data/slice/\4-merge2.dat
0.652738
0.245215
0.102294
0.0538591
0.0311292
0.0232624
0.0149645
0.0106938
0.00808462
0.00706617
./data/slice/\4-merge3.dat
0.644361
0.247776
0.10156
0.0545526
0.0312954
0.0228402
0.0160168
0.0105119
0.00768564
0.00728841
./data/slice/\4-merge4.dat
0.63824
0.24777
0.104181
0.053143
0.0298771
0.023977
0.0159897
0.0112175
0.00751921
0.0067006
./data/slice/\4-merge5.dat
0.646022
0.247278
0.105218
0.052672
0.0311247
0.0238407
0.0154327
0.010653
0.00809229
0.00594562
./data/slice/\4-merge6.dat
0.646432
0.245445
0.104088
0.0526352
0.0293129
0.0243926
0.0149185
0.0105672
0.00786693
0.00686639
./data/slice/\4-merge7.dat
0.641991
0.245318
0.101305
0.0528274
0.030608
0.0236097
0.0155552
0.0104063
0.00764886
0.00659472
./data/slice/\4-merge8.dat
0.644631
0.245812
0.101017
0.0533231
0.0300057
0.0236914
0.0150017
0.0109579
0.00794192
0.00641995
./data/slice/\5-access1.dat
0.82035
0.32588
0.1432
0.074418
0.0437886
0.0350906
0.0229836
0.0154052
0.0117697
0.00998847
./data/slice/\5-access2.dat
0.817214
0.328968
0.141237
0.0747847
0.0429712
0.0348963
0.0222933
0.0162431
0.0108819
0.0098201
./data/slice/\5-access3.dat
0.818649
0.327763
0.142013
0.0740651
0.0447439
0.0337864
0.0233166
0.0156573
0.0116591
0.00985595
./data/slice/\5-access4.dat
0.813847
0.326378
0.142514
0.0762629
0.0441004
0.033411
0.0225507
0.0157527
0.0113714
0.00986673
./data/slice/\5-access5.dat
0.814762
0.326187
0.144706
0.0733432
0.043041
0.0334655
0.0227243
0.0152212
0.0117078
0.00990446
./data/slice/\5-access6.dat
0.819538
0.327126
0.142024
0.0738604
0.0439947
0.0351208
0.0224581
0.0158201
0.0113322
0.00929631
./data/slice/\5-access7.dat
0.817354
0.328341
0.141873
0.0744919
0.0448775
0.0351755
0.0224124
0.0157626
0.0114735
0.00975878
./data/slice/\5-access8.dat
0.817265
0.323786
0.139774
0.0739103
0.0440128
0.0352367
0.0210298
0.014994
0.0113376
0.00989393
./data/slice/\5-core1.dat
0.631963
0.240961
0.101314
0.0518365
0.0300234
0.0233248
0.0151657
0.0103768
0.00713661
0.00623616
./data/slice/\5-core2.dat
0.626902
0.239429
0.100209
0.0533198
0.0297814
0.0241643
0.0154757
0.0106132
0.00785755
0.00598717
./data/slice/\5-core3.dat
0.632565
0.240907
0.101388
0.0517445
0.030986
0.0220808
0.0153928
0.01035
0.00787368
0.00657161
./data/slice/\5-core4.dat
0.626091
0.244104
0.0985231
0.0523167
0.0295589
0.0226795
0.0150785
0.00988148
0.00792982
0.00611652
./data/slice/\5-merge1.dat
0.723897
0.284549
0.119857
0.0627823
0.0371405
0.029152
0.0182327
0.0129737
0.00919724
0.00775698
./data/slice/\5-merge2.dat
0.722968
0.282448
0.120588
0.0618786
0.0370084
0.0281773
0.0175739
0.0123268
0.00949823
0.00817926
./data/slice/\5-merge3.dat
0.719649
0.282923
0.117362
0.0642962
0.037066
0.0278124
0.0188897
0.0126457
0.00967908
0.00861647
./data/slice/\5-merge4.dat
0.720628
0.283004
0.121363
0.0635119
0.0359911
0.0283585
0.0194037
0.0137521
0.00915709
0.00801821
./data/slice/\5-merge5.dat
0.72487
0.281257
0.122606
0.0621919
0.0368973
0.0292429
0.0190321
0.0129367
0.00978433
0.00751483
./data/slice/\5-merge6.dat
0.721248
0.280173
0.12033
0.0612616
0.0354949
0.0289966
0.0182462
0.0125438
0.00966694
0.00804194
./data/slice/\5-merge7.dat
0.716121
0.284145
0.119745
0.0622111
0.0359019
0.0278865
0.018282
0.0127706
0.0090364
0.00800963
./data/slice/\5-merge8.dat
0.72171
0.284326
0.120076
0.0627387
0.0359755
0.0280331
0.0181693
0.0131284
0.00983179
0.00778718
./data/slice/\6-access1.dat
1.14806
0.487287
0.225393
0.121645
0.074247
0.0595215
0.0402715
0.0272742
0.0205883
0.017254
./data/slice/\6-access2.dat
1.14936
0.488029
0.225472
0.122697
0.0729782
0.0587887
0.0388749
0.0281162
0.0196915
0.0183054
./data/slice/\6-access3.dat
1.1503
0.490537
0.224696
0.122377
0.0757463
0.0585362
0.0404613
0.0278194
0.0197568
0.0177798
./data/slice/\6-access4.dat
1.15667
0.490534
0.224821
0.122464
0.0737388
0.0584638
0.0398305
0.0278029
0.0199886
0.0178023
./data/slice/\6-access5.dat
1.14747
0.4889
0.227681
0.121807
0.0727818
0.0590309
0.0406186
0.0279301
0.0207958
0.0177804
./data/slice/\6-access6.dat
1.15141
0.487573
0.222172
0.122031
0.075002
0.0603046
0.0390138
0.0273861
0.0195765
0.0162545
./data/slice/\6-access7.dat
1.14958
0.4909
0.226137
0.122514
0.0749426
0.0590347
0.0385943
0.0282762
0.0206593
0.0182895
./data/slice/\6-access8.dat
1.15015
0.486615
0.224514
0.122626
0.0741466
0.0601875
0.0378636
0.028188
0.0197331
0.0174497
./data/slice/\6-core1.dat
0.901597
0.368551
0.16323
0.0870685
0.0511399
0.0401461
0.0272079
0.0182543
0.0132688
0.0114704
./data/slice/\6-core2.dat
0.894394
0.366194
0.162007
0.0888974
0.0515069
0.0417493
0.026709
0.0196089
0.0135693
0.0109246
./data/slice/\6-core3.dat
0.900915
0.368541
0.163398
0.0872346
0.0522908
0.0395191
0.0268896
0.018998
0.0133546
0.0119481
./data/slice/\6-core4.dat
0.898507
0.368899
0.162988
0.0868318
0.0514817
0.039849
0.0263368
0.0181745
0.0136381
0.0117451
./data/slice/\6-merge1.dat
1.02005
0.429299
0.192577
0.102962
0.0619832
0.0501291
0.0330011
0.0224915
0.0167826
0.0142327
./data/slice/\6-merge2.dat
1.02606
0.428964
0.192985
0.1034
0.0630391
0.0490487
0.0323418
0.0235985
0.0169219
0.0142816
./data/slice/\6-merge3.dat
1.02294
0.425104
0.190834
0.10509
0.062805
0.049278
0.0333145
0.0233037
0.0172377
0.014493
./data/slice/\6-merge4.dat
1.0185
0.427181
0.194669
0.104622
0.0618137
0.0487446
0.0336693
0.0238412
0.016205
0.0145647
./data/slice/\6-merge5.dat
1.02272
0.426387
0.194435
0.103391
0.0618152
0.0501659
0.0335048
0.0224939
0.0170589
0.013774
./data/slice/\6-merge6.dat
1.02297
0.425716
0.192606
0.103908
0.061643
0.0500793
0.0321143
0.0232791
0.0161336
0.014713
./data/slice/\6-merge7.dat
1.02342
0.429386
0.192848
0.103881
0.0610303
0.049719
0.0330455
0.0230703
0.0164891
0.0142897
./data/slice/\6-merge8.dat
1.02361
0.427169
0.192433
0.103733
0.0613851
0.0491656
0.032654
0.0227893
0.0165879
0.0140444
./data/slice/\7-access1.dat
0.997243
0.412284
0.187179
0.099672
0.0584963
0.0472952
0.0312331
0.0212681
0.01608
0.0135452
./data/slice/\7-access2.dat
0.995543
0.412742
0.185362
0.100286
0.0588484
0.0476674
0.0305216
0.0219946
0.0156487
0.014134
./data/slice/\7-access3.dat
0.990525
0.413747
0.184567
0.0998911
0.0605436
0.0471363
0.0322456
0.0212822
0.0154006
0.0136534
./data/slice/\7-access4.dat
0.99367
0.412381
0.184227
0.100061
0.0591007
0.0461304
0.0311473
0.0215184
0.0157334
0.0142736
./data/slice/\7-access5.dat
0.99261
0.412519
0.187307
0.0977895
0.0581913
0.0462399
0.0320723
0.0210043
0.0164569
0.0137736
./data/slice/\7-access6.dat
0.993759
0.411506
0.184083
0.0978094
0.0595834
0.0476715
0.0308467
0.0221792
0.0152711
0.0126869
./data/slice/\7-access7.dat
0.994749
0.412554
0.183996
0.0988971
0.0593086
0.0465381
0.0304917
0.0216889
0.0156231
0.0138119
./data/slice/\7-access8.dat
0.993957
0.408152
0.185223
0.0986667
0.0591481
0.0465202
0.0292172
0.022006
0.0156527
0.0135881
./data/slice/\7-core1.dat
0.774484
0.306046
0.133519
0.0702817
0.0413718
0.0318134
0.0217462
0.0143092
0.0098804
0.00896764
./data/slice/\7-core2.dat
0.767596
0.306993
0.132504
0.0712329
0.0406588
0.033123
0.020927
0.0147176
0.0109711
0.00843723
./data/slice/\7-core3.dat
0.778536
0.307449
0.134619
0.0697677
0.0414422
0.0302598
0.0211776
0.0142195
0.0104982
0.00931962
./data/slice/\7-core4.dat
0.766455
0.30806
0.13113
0.0701798
0.0410393
0.0315832
0.0201156
0.0142904
0.0107807
0.00920166
./data/slice/\7-merge1.dat
0.877888
0.362073
0.158119
0.0838787
0.0488354
0.0396034
0.0262444
0.0177181
0.0128322
0.0108491
./data/slice/\7-merge2.dat
0.885098
0.359907
0.158303
0.0842266
0.0495639
0.0392979
0.0253891
0.0180203
0.0133729
0.011375
./data/slice/\7-merge3.dat
0.87646
0.355826
0.154894
0.0854622
0.0504402
0.0383142
0.0262997
0.0176385
0.0135421
0.0115233
./data/slice/\7-merge4.dat
0.877787
0.356978
0.159868
0.084053
0.0497024
0.0398583
0.0270083
0.0188455
0.0128331
0.0115498
./data/slice/\7-merge5.dat
0.882012
0.35558
0.161065
0.0830849
0.0500825
0.0401572
0.0264991
0.0178416
0.01333
0.0105125
./data/slice/\7-merge6.dat
0.881278
0.356931
0.156356
0.0832105
0.0489861
0.0395051
0.0254019
0.0173833
0.0126508
0.011202
./data/slice/\7-merge7.dat
0.878424
0.357845
0.15685
0.0832558
0.0483765
0.0384349
0.0260004
0.0181481
0.0127645
0.010723
./data/slice/\7-merge8.dat
0.881423
0.357874
0.155936
0.0834385
0.0491249
0.0384294
0.0256931
0.0182176
0.0127533
0.0104992
./data/slice/\8-access1.dat
0.853141
0.345121
0.151639
0.0799746
0.0469582
0.0372791
0.024354
0.0165809
0.0126351
0.0108094
./data/slice/\8-access2.dat
0.855791
0.343143
0.152285
0.0790483
0.0460742
0.0369693
0.0242107
0.0172303
0.0120164
0.0110161
./data/slice/\8-access3.dat
0.854298
0.344231
0.15191
0.0792915
0.0476732
0.0363179
0.0251562
0.0170035
0.0118519
0.0105977
./data/slice/\8-access4.dat
0.849189
0.344045
0.150508
0.0809339
0.047143
0.0360601
0.0246137
0.0166122
0.0122715
0.0104699
./data/slice/\8-access5.dat
0.850818
0.34505
0.153952
0.0779049
0.045939
0.0359609
0.0240664
0.016189
0.0126509
0.0106459
./data/slice/\8-access6.dat
0.849962
0.345425
0.149881
0.0786668
0.0488993
0.0373633
0.0240777
0.017057
0.011959
0.0102271
./data/slice/\8-access7.dat
0.849425
0.34549
0.149868
0.0796702
0.0477352
0.0372747
0.0243577
0.0164448
0.012124
0.0106826
./data/slice/\8-access8.dat
0.850013
0.341296
0.149294
0.0776273
0.047112
0.0373614
0.0223976
0.0166874
0.0123834
0.0107377
./data/slice/\8-core1.dat
0.657024
0.25384
0.107135
0.0560223
0.0319784
0.0247612
0.0163224
0.0108186
0.0076343
0.00671304
./data/slice/\8-core2.dat
0.65677
0.254944
0.106682
0.057449
0.0312747
0.0260252
0.0164214
0.0116851
0.00846533
0.00633902
./data/slice/\8-core3.dat
0.66152
0.254278
0.109013
0.056097
0.0330632
0.0235566
0.0164878
0.0108768
0.0086016
0.00734971
./data/slice/\8-core4.dat
0.6573
0.255897
0.105596
0.0557161
0.0318501
0.0241935
0.0160809
0.0110108
0.00860506
0.0066492
./data/slice/\8-merge1.dat
0.75241
0.298874
0.128486
0.0669299
0.0391896
0.0318952
0.0197618
0.0140131
0.00987492
0.00853448
./data/slice/\8-merge2.dat
0.756882
0.299443
0.128967
0.0662204
0.0395565
0.0306613
0.0194105
0.0135258
0.0101269
0.00878724
./data/slice/\8-merge3.dat
0.751786
0.29707
0.125273
0.0686796
0.0396984
0.0301208
0.0204937
0.0138313
0.0108182
0.00931059
./data/slice/\8-merge4.dat
0.751795
0.297004
0.129491
0.0676086
0.0382068
0.0304193
0.0207884
0.0145129
0.00999999
0.0085664
./data/slice/\8-merge5.dat
0.753325
0.29761
0.131117
0.0662549
0.0386176
0.0315466
0.0199857
0.0139719
0.0104217
0.00790332
./data/slice/\8-merge6.dat
0.75588
0.296042
0.127936
0.0659106
0.0387505
0.0305447
0.0194125
0.0135507
0.0103737
0.00867858
./data/slice/\8-merge7.dat
0.75102
0.300897
0.127928
0.0666737
0.0382701
0.0298852
0.0197359
0.0136355
0.00969803
0.00867295
./data/slice/\8-merge8.dat
0.75078
0.300458
0.127441
0.0662071
0.039036
0.0298349
0.0198963
0.0139967
0.010237
0.00839506
./data/slice/\9-access1.dat
0.883248
0.35988
0.158415
0.083939
0.0490634
0.0395019
0.0262196
0.0174483
0.0129615
0.0114783
./data/slice/\9-access2.dat
0.887298
0.35962
0.159039
0.0835949
0.0492578
0.0395089
0.0250537
0.0180533
0.0127528
0.0115583
./data/slice/\9-access3.dat
0.88625
0.360811
0.157883
0.0835305
0.0500201
0.0388763
0.0264411
0.017997
0.0125779
0.0107311
./data/slice/\9-access4.dat
0.883895
0.361033
0.158207
0.0853159
0.0493525
0.0383743
0.0257498
0.0181198
0.0129972
0.0115109
./data/slice/\9-access5.dat
0.88225
0.359917
0.16076
0.083299
0.0487901
0.0382715
0.0255835
0.01772
0.0137026
0.0116177
./data/slice/\9-access6.dat
0.885822
0.357208
0.157854
0.0829876
0.0508245
0.039317
0.0250771
0.017913
0.0126118
0.0107326
./data/slice/\9-access7.dat
0.882291
0.361137
0.157607
0.0840863
0.0500155
0.0395977
0.0259527
0.0176542
0.0128805
0.0113304
./data/slice/\9-access8.dat
0.883438
0.355121
0.156851
0.0832159
0.0495441
0.0389245
0.0237732
0.0177548
0.0130448
0.0110767
./data/slice/\9-core1.dat
0.685494
0.265106
0.112503
0.0597576
0.034101
0.0264593
0.0172626
0.011848
0.0080429
0.00709178
./data/slice/\9-core2.dat
0.679509
0.264576
0.113451
0.060481
0.0334633
0.0274976
0.0173344
0.0124515
0.00917662
0.00687012
./data/slice/\9-core3.dat
0.68588
0.264716
0.115265
0.0586566
0.0347768
0.025324
0.0171989
0.0118364
0.00924374
0.00763181
./data/slice/\9-core4.dat
0.683591
0.265043
0.112044
0.0589962
0.0338527
0.025761
0.0169487
0.0116779
0.00919434
0.00726268
./data/slice/\9-merge1.dat
0.779201
0.312952
0.133311
0.0718099
0.0414479
0.0331694
0.0212151
0.014584
0.0103828
0.0087741
./data/slice/\9-merge2.dat
0.787627
0.31205
0.135272
0.0699833
0.0416634
0.0325345
0.0205344
0.0142077
0.0107412
0.00962436
./data/slice/\9-merge3.dat
0.779824
0.309151
0.133762
0.0721698
0.0422177
0.0323537
0.0215444
0.0146408
0.0109514
0.00997139
./data/slice/\9-merge4.dat
0.782449
0.308876
0.134929
0.0714046
0.040602
0.0322722
0.0218722
0.0155841
0.0103205
0.00906921
./data/slice/\9-merge5.dat
0.782664
0.31083
0.136482
0.0698325
0.0410483
0.0326413
0.0210838
0.0144665
0.0110675
0.00848335
./data/slice/\9-merge6.dat
0.783957
0.311074
0.133347
0.0705683
0.0409155
0.0328508
0.0206335
0.0146117
0.0111108
0.00924573
./data/slice/\9-merge7.dat
0.781344
0.312007
0.13394
0.0701443
0.040516
0.0320074
0.021271
0.0146403
0.0102878
0.00901845
./data/slice/\9-merge8.dat
0.780429
0.309897
0.133132
0.0706781
0.0412966
0.0317442
0.0213275
0.0148923
0.0110838
0.00900854
